0,520
0,519
50,7
50,6
50,5
50,4
50,3
50,2
50,1
50,0
49,7
49,6
49,5
49,4
49,3
49,2
49,1
49,0
0,518
48,5
48,4
48,3
48,2
48,1
48,0
0,278
33,4
33,2
33,0
0,517
0,516
0,515
0,514
0,450
47,5
47,4
47,3
47,2
0,9
47,1
47,0
46,40
46,39
46,38
46,37
0,273
0,270
46,36
46,35
10,149
10,90
10,158
10,301
10,233
10,75
10,10
10,25
10,2
10,3
11,21
11,30
11,2
9,6
9,4
40,7
40,6
40,5
8,11
8,16
40,4
40,3
40,2
40,1
8,10
8,17
40,0
39,3
39,2
39,1
39,0
38,3
38,2
38,1
38,0
37,6
37,5
37,4
37,3
37,2
37,1
37,0
36,17
36,16
36,15
36,14
36,13
36,12
36,11
36,10
36,9
36,8
36,7
36,6
36,5
36,4
36,3
36,2
